113686903
2028990290
3271162745
4111496319
1127961758
255983851
728978315
2100583202
2368424602
3188749055
1706932161
2252133037
2864423277
2589764263
3651415095
3111037812
1836894577
3953703464
974055787
919316643
2586293987
1658590560
2602747313
2470239604
1673815797
2681689424
3448195007
1730992479
192681353
2411471912
4029190698
1406429769
3875211201
1833418826
1687253217
2054143581
3852121110
246997721
3050856788
1085735029
1749853194
259111575
1924165350
327929093
2189397132
2634386336
4161251033
3635379014
2423453457
312056703
898389163
3545311141
3729561361
1680660646
3987716998
3555205379
1506722098
129868256
3271039530
1802744318
4268180071
287266199
358369079
941264143
1123509019
3186581101
2777927379
1085666305
2475026363
435517963